version = 'MMult_4x4_7';
MY_MMult = [
40 8.533333e+00 2.664535e-15 
80 9.142857e+00 7.105427e-15 
120 9.094737e+00 1.065814e-14 
160 9.142857e+00 1.421085e-14 
200 9.174312e+00 1.421085e-14 
240 9.056010e+00 1.776357e-14 
280 8.226344e+00 1.776357e-14 
320 8.512274e+00 2.842171e-14 
360 8.596223e+00 2.309264e-14 
400 8.718158e+00 2.842171e-14 
440 8.732790e+00 3.197442e-14 
480 8.963891e+00 3.907985e-14 
520 9.074997e+00 3.907985e-14 
560 8.720628e+00 4.618528e-14 
600 8.987642e+00 4.263256e-14 
640 8.995556e+00 4.440892e-14 
680 9.041768e+00 5.329071e-14 
720 9.033107e+00 4.973799e-14 
760 9.049652e+00 4.973799e-14 
800 9.002989e+00 4.973799e-14 
];
