version = 'MMult_1x4_6';
MY_MMult = [
40 9.846154e+00 2.664535e-15 
80 9.846154e+00 7.105427e-15 
120 8.307692e+00 1.065814e-14 
160 9.547786e+00 1.421085e-14 
200 9.506833e+00 1.421085e-14 
240 9.067891e+00 1.776357e-14 
280 8.907283e+00 1.776357e-14 
320 8.861006e+00 2.842171e-14 
360 8.655227e+00 2.309264e-14 
400 8.554434e+00 2.842171e-14 
440 8.440327e+00 3.197442e-14 
480 8.201721e+00 3.907985e-14 
520 8.195372e+00 3.907985e-14 
560 7.815924e+00 4.618528e-14 
600 8.213552e+00 4.263256e-14 
640 8.060389e+00 4.440892e-14 
680 8.372351e+00 5.329071e-14 
720 8.123447e+00 4.973799e-14 
760 8.140944e+00 4.973799e-14 
800 8.371758e+00 4.973799e-14 
];
