version = 'MMult_1x4_5';
MY_MMult = [
40 3.121951e+00 0.000000e+00 
80 3.112462e+00 0.000000e+00 
120 3.055703e+00 0.000000e+00 
160 3.039703e+00 0.000000e+00 
200 3.048200e+00 0.000000e+00 
240 3.041584e+00 0.000000e+00 
280 2.988090e+00 0.000000e+00 
320 3.017172e+00 0.000000e+00 
360 3.020881e+00 0.000000e+00 
400 3.014389e+00 0.000000e+00 
440 3.001286e+00 0.000000e+00 
480 2.997804e+00 0.000000e+00 
520 2.998710e+00 0.000000e+00 
560 2.982761e+00 0.000000e+00 
600 2.932312e+00 0.000000e+00 
640 2.921296e+00 0.000000e+00 
680 2.956466e+00 0.000000e+00 
720 3.007687e+00 0.000000e+00 
760 2.967337e+00 0.000000e+00 
800 2.892492e+00 0.000000e+00 
];
