version = 'MMult_4x4_5';
MY_MMult = [
40 3.200000e+00 0.000000e+00 
80 4.452174e+00 0.000000e+00 
120 4.529489e+00 0.000000e+00 
160 4.369067e+00 0.000000e+00 
200 4.193971e+00 0.000000e+00 
240 4.486127e+00 0.000000e+00 
280 4.290852e+00 0.000000e+00 
320 4.221320e+00 0.000000e+00 
360 4.463621e+00 0.000000e+00 
400 4.383261e+00 0.000000e+00 
440 4.375254e+00 0.000000e+00 
480 4.502015e+00 0.000000e+00 
520 4.464029e+00 0.000000e+00 
560 4.455110e+00 0.000000e+00 
600 4.424869e+00 0.000000e+00 
640 4.466777e+00 0.000000e+00 
680 4.358636e+00 0.000000e+00 
720 4.361954e+00 0.000000e+00 
760 4.358812e+00 0.000000e+00 
800 4.463896e+00 0.000000e+00 
];
