version = 'MMult_1x4_8';
MY_MMult = [
40 9.142857e+00 2.664535e-15 
80 9.660377e+00 7.105427e-15 
120 9.290323e+00 1.065814e-14 
160 8.856216e+00 1.421085e-14 
200 8.973640e+00 1.421085e-14 
240 9.331083e+00 1.776357e-14 
280 9.161937e+00 1.776357e-14 
320 9.061947e+00 2.842171e-14 
360 8.839712e+00 2.309264e-14 
400 8.542445e+00 2.842171e-14 
440 8.253064e+00 3.197442e-14 
480 7.954828e+00 3.907985e-14 
520 8.492616e+00 3.907985e-14 
560 8.512858e+00 4.618528e-14 
600 8.486230e+00 4.263256e-14 
640 8.488020e+00 4.440892e-14 
680 8.357552e+00 5.329071e-14 
720 8.502523e+00 4.973799e-14 
760 8.272499e+00 4.973799e-14 
800 8.025707e+00 4.973799e-14 
];
