version = 'MMult_1x4_3';
MY_MMult = [
40 3.764706e+00 0.000000e+00 
80 3.160494e+00 0.000000e+00 
120 2.992208e+00 0.000000e+00 
160 2.907026e+00 0.000000e+00 
200 2.849510e+00 0.000000e+00 
240 2.824395e+00 0.000000e+00 
280 2.792520e+00 0.000000e+00 
320 2.773893e+00 0.000000e+00 
360 2.769642e+00 0.000000e+00 
400 2.617105e+00 0.000000e+00 
440 2.709458e+00 0.000000e+00 
480 2.669563e+00 0.000000e+00 
520 2.627377e+00 0.000000e+00 
560 2.665918e+00 0.000000e+00 
600 2.698027e+00 0.000000e+00 
640 2.681369e+00 0.000000e+00 
680 2.681071e+00 0.000000e+00 
720 2.665229e+00 0.000000e+00 
760 2.581354e+00 0.000000e+00 
800 2.585225e+00 0.000000e+00 
];
