version = 'MMult_4x4_9';
MY_MMult = [
40 8.533333e+00 2.664535e-15 
80 9.061947e+00 7.105427e-15 
120 9.000000e+00 1.065814e-14 
160 9.022026e+00 1.421085e-14 
200 9.029345e+00 1.421085e-14 
240 8.956268e+00 1.776357e-14 
280 8.844480e+00 1.776357e-14 
320 8.793238e+00 2.842171e-14 
360 8.266478e+00 2.309264e-14 
400 8.819071e+00 2.842171e-14 
440 8.903941e+00 3.197442e-14 
480 8.898974e+00 3.907985e-14 
520 8.893893e+00 3.907985e-14 
560 8.899610e+00 4.618528e-14 
600 8.916593e+00 4.263256e-14 
640 8.893322e+00 4.440892e-14 
680 8.904899e+00 5.329071e-14 
720 8.874496e+00 4.973799e-14 
760 8.883007e+00 4.973799e-14 
800 8.879562e+00 4.973799e-14 
];
