version = 'MMult_4x4_14';
MY_MMult = [
40 1.066667e+01 2.664535e-15 
80 1.113043e+01 7.105427e-15 
120 1.133115e+01 1.065814e-14 
160 1.126823e+01 1.421085e-14 
200 1.140413e+01 2.131628e-14 
240 1.133579e+01 2.486900e-14 
280 1.119429e+01 2.842171e-14 
320 1.111345e+01 3.552714e-14 
360 1.120327e+01 4.973799e-14 
400 1.096642e+01 4.973799e-14 
440 1.117094e+01 4.973799e-14 
480 1.118277e+01 6.039613e-14 
520 1.123650e+01 6.394885e-14 
560 1.126827e+01 6.750156e-14 
600 1.129944e+01 7.460699e-14 
640 1.128350e+01 8.171241e-14 
680 1.094971e+01 9.237056e-14 
720 1.132719e+01 1.101341e-13 
760 1.132739e+01 1.065814e-13 
800 1.119517e+01 8.881784e-14 
];
