version = 'MMult_4x4_3';
MY_MMult = [
40 3.657143e+00 0.000000e+00 
80 3.180124e+00 0.000000e+00 
120 2.904202e+00 0.000000e+00 
160 2.776949e+00 0.000000e+00 
200 2.708192e+00 0.000000e+00 
240 2.748857e+00 0.000000e+00 
280 2.736986e+00 0.000000e+00 
320 2.754424e+00 0.000000e+00 
360 2.723802e+00 0.000000e+00 
400 2.691054e+00 0.000000e+00 
440 2.705972e+00 0.000000e+00 
480 2.682449e+00 0.000000e+00 
520 2.681286e+00 0.000000e+00 
560 2.649148e+00 0.000000e+00 
600 2.675171e+00 0.000000e+00 
640 2.566102e+00 0.000000e+00 
680 2.573525e+00 0.000000e+00 
720 2.671151e+00 0.000000e+00 
760 2.678128e+00 0.000000e+00 
800 2.660328e+00 0.000000e+00 
];
