version = 'MMult_4x4_16';
MY_MMult = [
40 3.878788e+00 1.086698e+01 
80 4.284519e+00 1.468893e+01 
120 4.330827e+00 2.059956e+01 
160 4.332099e+00 2.269725e+01 
200 4.376368e+00 2.792483e+01 
240 4.262720e+00 3.221136e+01 
280 4.191313e+00 3.334004e+01 
320 4.371398e+00 4.404432e+01 
360 4.341911e+00 3.920579e+01 
400 4.324909e+00 5.212250e+01 
440 4.359022e+00 4.971910e+01 
480 4.357533e+00 4.685658e+01 
520 4.345319e+00 4.868960e+01 
560 4.370025e+00 5.212584e+01 
600 4.386544e+00 5.229134e+01 
640 4.379578e+00 6.198574e+01 
680 4.377630e+00 5.790016e+01 
720 4.384190e+00 6.095394e+01 
760 4.384608e+00 6.836157e+01 
800 4.375507e+00 7.292088e+01 
];
