version = 'MMult_4x4_4';
MY_MMult = [
40 2.285714e+00 0.000000e+00 
80 2.566416e+00 0.000000e+00 
120 2.544919e+00 0.000000e+00 
160 2.691196e+00 0.000000e+00 
200 2.621661e+00 0.000000e+00 
240 2.701055e+00 0.000000e+00 
280 2.606662e+00 0.000000e+00 
320 2.659956e+00 0.000000e+00 
360 2.716111e+00 0.000000e+00 
400 2.564514e+00 0.000000e+00 
440 2.679753e+00 0.000000e+00 
480 2.622932e+00 0.000000e+00 
520 2.676820e+00 0.000000e+00 
560 2.671189e+00 0.000000e+00 
600 2.681881e+00 0.000000e+00 
640 2.692951e+00 0.000000e+00 
680 2.647503e+00 0.000000e+00 
720 2.673399e+00 0.000000e+00 
760 2.658197e+00 0.000000e+00 
800 2.663989e+00 0.000000e+00 
];
