version = 'MMult_4x4_15';
MY_MMult = [
40 1.066667e+01 2.664535e-15 
80 1.113043e+01 7.105427e-15 
120 1.133115e+01 1.065814e-14 
160 1.122192e+01 1.421085e-14 
200 1.135557e+01 2.131628e-14 
240 1.129412e+01 2.486900e-14 
280 1.127478e+01 2.842171e-14 
320 1.131687e+01 3.552714e-14 
360 1.133665e+01 4.973799e-14 
400 1.119860e+01 4.973799e-14 
440 1.128863e+01 4.973799e-14 
480 1.133812e+01 6.039613e-14 
520 1.123740e+01 6.394885e-14 
560 1.130454e+01 6.750156e-14 
600 1.136962e+01 7.460699e-14 
640 1.136175e+01 8.171241e-14 
680 1.135749e+01 9.237056e-14 
720 1.140141e+01 1.101341e-13 
760 1.139250e+01 1.065814e-13 
800 1.135293e+01 8.881784e-14 
];
