version = 'MMult_4x4_6';
MY_MMult = [
40 6.736842e+00 2.664535e-15 
80 6.781457e+00 7.105427e-15 
120 8.953368e+00 1.065814e-14 
160 9.142857e+00 1.421085e-14 
200 9.116809e+00 1.421085e-14 
240 9.082786e+00 1.776357e-14 
280 9.043048e+00 1.776357e-14 
320 8.981225e+00 2.842171e-14 
360 9.004342e+00 2.309264e-14 
400 9.009643e+00 2.842171e-14 
440 9.075645e+00 3.197442e-14 
480 8.980997e+00 3.907985e-14 
520 8.794046e+00 3.907985e-14 
560 8.165338e+00 4.618528e-14 
600 8.270159e+00 4.263256e-14 
640 9.068216e+00 4.440892e-14 
680 8.675781e+00 5.329071e-14 
720 8.894799e+00 4.973799e-14 
760 8.861220e+00 4.973799e-14 
800 9.039787e+00 4.973799e-14 
];
