version = 'MMult_1x4_7';
MY_MMult = [
40 9.142857e+00 2.664535e-15 
80 9.481481e+00 7.105427e-15 
120 9.047120e+00 1.065814e-14 
160 9.266968e+00 1.421085e-14 
200 9.132420e+00 1.421085e-14 
240 8.991220e+00 1.776357e-14 
280 8.830249e+00 1.776357e-14 
320 8.391293e+00 2.842171e-14 
360 8.418621e+00 2.309264e-14 
400 8.333333e+00 2.842171e-14 
440 8.129796e+00 3.197442e-14 
480 8.018852e+00 3.907985e-14 
520 8.001366e+00 3.907985e-14 
560 8.252825e+00 4.618528e-14 
600 8.312328e+00 4.263256e-14 
640 8.120690e+00 4.440892e-14 
680 8.215182e+00 5.329071e-14 
720 8.020715e+00 4.973799e-14 
760 8.050765e+00 4.973799e-14 
800 8.293580e+00 4.973799e-14 
];
