version = 'MMult_4x4_13';
MY_MMult = [
40 1.066667e+01 2.664535e-15 
80 1.066667e+01 7.105427e-15 
120 1.144371e+01 1.065814e-14 
160 1.136200e+01 1.421085e-14 
200 1.124385e+01 2.131628e-14 
240 1.137310e+01 2.486900e-14 
280 1.128058e+01 2.842171e-14 
320 1.131883e+01 3.552714e-14 
360 1.134217e+01 4.973799e-14 
400 1.096735e+01 4.973799e-14 
440 1.120768e+01 4.973799e-14 
480 1.133289e+01 6.039613e-14 
520 1.124999e+01 6.394885e-14 
560 1.129472e+01 6.750156e-14 
600 1.137561e+01 7.460699e-14 
640 1.132836e+01 8.171241e-14 
680 1.131702e+01 9.237056e-14 
720 1.132582e+01 1.101341e-13 
760 1.137258e+01 1.065814e-13 
800 1.135595e+01 8.881784e-14 
];
