version = 'MMult2';
MY_MMult = [
40 3.878788e+00 0.000000e+00 
80 3.230284e+00 0.000000e+00 
120 2.948805e+00 0.000000e+00 
160 2.880450e+00 0.000000e+00 
200 2.851033e+00 0.000000e+00 
240 2.815479e+00 0.000000e+00 
280 2.790745e+00 0.000000e+00 
320 2.760573e+00 0.000000e+00 
360 2.782277e+00 0.000000e+00 
400 2.703273e+00 0.000000e+00 
440 2.729644e+00 0.000000e+00 
480 2.682677e+00 0.000000e+00 
520 2.709158e+00 0.000000e+00 
560 2.670824e+00 0.000000e+00 
600 2.654786e+00 0.000000e+00 
640 2.684746e+00 0.000000e+00 
680 2.655810e+00 0.000000e+00 
720 2.669547e+00 0.000000e+00 
760 2.592199e+00 0.000000e+00 
800 2.537587e+00 0.000000e+00 
];
