version = 'MMult1';
MY_MMult = [
40 4.000000e+00 0.000000e+00 
80 3.220126e+00 0.000000e+00 
120 2.987035e+00 0.000000e+00 
160 2.874386e+00 0.000000e+00 
200 2.823363e+00 0.000000e+00 
240 2.771174e+00 0.000000e+00 
280 2.746060e+00 0.000000e+00 
320 2.761387e+00 0.000000e+00 
360 2.739556e+00 0.000000e+00 
400 2.703616e+00 0.000000e+00 
440 2.728901e+00 0.000000e+00 
480 2.688840e+00 0.000000e+00 
520 2.698266e+00 0.000000e+00 
560 2.699770e+00 0.000000e+00 
600 2.667622e+00 0.000000e+00 
640 2.689774e+00 0.000000e+00 
680 2.687017e+00 0.000000e+00 
720 2.685836e+00 0.000000e+00 
760 2.657183e+00 0.000000e+00 
800 2.676075e+00 0.000000e+00 
];
