version = 'MMult_4x4_10';
MY_MMult = [
40 1.163636e+01 2.664535e-15 
80 1.137778e+01 7.105427e-15 
120 1.133115e+01 1.065814e-14 
160 1.137778e+01 1.421085e-14 
200 1.128350e+01 1.421085e-14 
240 1.106363e+01 1.776357e-14 
280 1.084317e+01 1.776357e-14 
320 1.087554e+01 2.842171e-14 
360 1.090221e+01 2.309264e-14 
400 1.090382e+01 2.842171e-14 
440 1.057858e+01 3.197442e-14 
480 1.084448e+01 3.907985e-14 
520 1.090534e+01 3.907985e-14 
560 1.092785e+01 4.618528e-14 
600 1.095807e+01 4.263256e-14 
640 1.091812e+01 4.440892e-14 
680 1.084417e+01 5.329071e-14 
720 1.090300e+01 4.973799e-14 
760 1.087139e+01 4.973799e-14 
800 1.089049e+01 4.973799e-14 
];
