version = 'MMult_4x4_11';
MY_MMult = [
40 1.163636e+01 2.664535e-15 
80 1.125275e+01 7.105427e-15 
120 1.136842e+01 1.065814e-14 
160 1.107027e+01 1.421085e-14 
200 1.113431e+01 2.131628e-14 
240 1.109470e+01 2.486900e-14 
280 1.109808e+01 2.842171e-14 
320 1.041577e+01 3.552714e-14 
360 1.094569e+01 4.973799e-14 
400 1.021141e+01 4.973799e-14 
440 1.105927e+01 4.973799e-14 
480 1.114558e+01 6.039613e-14 
520 1.103197e+01 6.394885e-14 
560 1.113467e+01 6.750156e-14 
600 1.117752e+01 7.460699e-14 
640 1.111722e+01 8.171241e-14 
680 1.118438e+01 9.237056e-14 
720 1.116222e+01 1.101341e-13 
760 1.115852e+01 1.065814e-13 
800 1.114546e+01 8.881784e-14 
];
