version = 'MMult_1x4_4';
MY_MMult = [
40 4.000000e+00 0.000000e+00 
80 3.282051e+00 0.000000e+00 
120 2.901763e+00 0.000000e+00 
160 2.891634e+00 0.000000e+00 
200 2.822367e+00 0.000000e+00 
240 2.789909e+00 0.000000e+00 
280 2.765432e+00 0.000000e+00 
320 2.683482e+00 0.000000e+00 
360 2.782609e+00 0.000000e+00 
400 2.767029e+00 0.000000e+00 
440 2.644932e+00 0.000000e+00 
480 2.707569e+00 0.000000e+00 
520 2.680188e+00 0.000000e+00 
560 2.684788e+00 0.000000e+00 
600 2.667523e+00 0.000000e+00 
640 2.692647e+00 0.000000e+00 
680 2.682569e+00 0.000000e+00 
720 2.707177e+00 0.000000e+00 
760 2.678962e+00 0.000000e+00 
800 2.659457e+00 0.000000e+00 
];
