version = 'MMult_4x4_8';
MY_MMult = [
40 8.533333e+00 2.664535e-15 
80 8.904348e+00 7.105427e-15 
120 8.861538e+00 1.065814e-14 
160 8.837109e+00 1.421085e-14 
200 8.869180e+00 1.421085e-14 
240 8.807901e+00 1.776357e-14 
280 8.817835e+00 1.776357e-14 
320 8.821645e+00 2.842171e-14 
360 8.774873e+00 2.309264e-14 
400 8.808754e+00 2.842171e-14 
440 8.785932e+00 3.197442e-14 
480 8.629213e+00 3.907985e-14 
520 8.463478e+00 3.907985e-14 
560 8.385828e+00 4.618528e-14 
600 8.746002e+00 4.263256e-14 
640 8.683572e+00 4.440892e-14 
680 8.782403e+00 5.329071e-14 
720 8.771574e+00 4.973799e-14 
760 8.764533e+00 4.973799e-14 
800 8.722317e+00 4.973799e-14 
];
