version = 'MMult_4x4_12';
MY_MMult = [
40 8.533333e+00 2.664535e-15 
80 7.937984e+00 7.105427e-15 
120 7.981524e+00 1.065814e-14 
160 7.876923e+00 1.421085e-14 
200 7.812500e+00 2.131628e-14 
240 7.903945e+00 2.486900e-14 
280 7.875157e+00 2.842171e-14 
320 7.873138e+00 3.552714e-14 
360 7.888410e+00 4.973799e-14 
400 7.566353e+00 4.973799e-14 
440 7.759166e+00 4.973799e-14 
480 7.846743e+00 6.039613e-14 
520 7.672806e+00 6.394885e-14 
560 7.784570e+00 6.750156e-14 
600 7.732789e+00 7.460699e-14 
640 7.692019e+00 8.171241e-14 
680 7.806738e+00 9.237056e-14 
720 7.729382e+00 1.101341e-13 
760 7.782986e+00 1.065814e-13 
800 7.745781e+00 8.881784e-14 
];
