version = 'MMult_1x4_9';
MY_MMult = [
40 9.142857e+00 2.664535e-15 
80 9.570093e+00 7.105427e-15 
120 9.707865e+00 1.065814e-14 
160 9.764005e+00 1.421085e-14 
200 9.362200e+00 1.421085e-14 
240 9.324789e+00 1.776357e-14 
280 7.590595e+00 1.776357e-14 
320 8.876608e+00 2.842171e-14 
360 8.584361e+00 2.309264e-14 
400 8.364373e+00 2.842171e-14 
440 8.350145e+00 3.197442e-14 
480 8.360448e+00 3.907985e-14 
520 8.416869e+00 3.907985e-14 
560 7.952903e+00 4.618528e-14 
600 8.188797e+00 4.263256e-14 
640 7.061593e+00 4.440892e-14 
680 8.256276e+00 5.329071e-14 
720 8.350254e+00 4.973799e-14 
760 8.383804e+00 4.973799e-14 
800 8.428400e+00 4.973799e-14 
];
