version = 'MMult0';
MY_MMult = [
40 3.764706e+00 0.000000e+00 
80 3.210031e+00 0.000000e+00 
120 2.846787e+00 0.000000e+00 
160 2.621440e+00 0.000000e+00 
200 2.747725e+00 0.000000e+00 
240 2.665638e+00 0.000000e+00 
280 2.653932e+00 0.000000e+00 
320 2.673411e+00 0.000000e+00 
360 2.643325e+00 0.000000e+00 
400 2.642390e+00 0.000000e+00 
440 2.638337e+00 0.000000e+00 
480 2.627356e+00 0.000000e+00 
520 2.642263e+00 0.000000e+00 
560 2.642770e+00 0.000000e+00 
600 2.633504e+00 0.000000e+00 
640 2.650288e+00 0.000000e+00 
680 2.640145e+00 0.000000e+00 
720 2.640398e+00 0.000000e+00 
760 2.660711e+00 0.000000e+00 
800 2.657849e+00 0.000000e+00 
];
